plane 0.951000 0.255000 -0.174000 3.523290
plane 0.173000 0.015000 0.985000 1.916439
plane -0.303000 0.928000 0.215000 -1.528660
plane 0.981000 0.086000 -0.174000 -4.796846
plane 0.951000 0.255000 -0.174000 2.878397
plane 0.970000 -0.171000 0.174000 3.395179
plane -0.138000 0.201000 0.970000 1.787413
plane 0.201000 0.965000 -0.171000 0.951694
plane -0.138000 0.201000 0.970000 -0.792156
plane 0.201000 0.965000 -0.171000 -1.627875
plane 0.970000 -0.171000 0.174000 0.815610
plane 0.981000 0.086000 -0.174000 -1.572385
plane -0.087000 0.996000 -0.000000 0.804012
plane 0.925000 0.341000 -0.168000 -1.311909
plane -0.303000 0.928000 0.215000 1.050909
plane 0.325000 0.088000 0.942000 -4.701908
plane -0.087000 0.996000 0.000000 -2.420448
plane 0.925000 0.341000 -0.168000 -3.891478
plane 0.190000 -0.039000 0.981000 4.640277
plane 0.190000 -0.039000 0.981000 -0.196414
plane -0.243000 0.966000 0.086000 -3.153728
plane -0.243000 0.966000 0.086000 2.005409
plane -0.040000 0.949000 0.314000 -0.114072
plane 0.729000 -0.187000 0.658000 2.327254
plane 0.683000 0.255000 -0.684000 -0.186094
plane 0.173000 0.015000 0.985000 -1.308022
plane 0.848000 0.412000 -0.332000 -0.730764
plane -0.417000 0.907000 0.059000 1.291566
plane -0.417000 0.907000 0.059000 -0.643110
plane 0.848000 0.412000 -0.332000 -2.665440
plane 0.229000 -0.148000 0.962000 -3.437253
plane 0.229000 -0.148000 0.962000 -0.857685
plane -0.040000 0.949000 0.314000 -1.403856
plane 0.683000 0.255000 -0.684000 -1.475879
plane 0.729000 -0.187000 0.658000 1.037470
plane 0.325000 0.088000 0.942000 -2.767231
