plane 0.951000 0.255000 -0.174000 2.974919
plane 0.173000 0.015000 0.985000 1.884182
plane -0.303000 0.928000 0.215000 -3.524299
plane 0.981000 0.086000 -0.174000 -4.981786
plane 0.951000 0.255000 -0.174000 2.330027
plane 0.580000 0.040000 0.814000 0.931674
plane 0.970000 -0.171000 0.174000 3.762909
plane -0.138000 0.201000 0.970000 1.355168
plane 0.201000 0.965000 -0.171000 -1.123513
plane -0.138000 0.201000 0.970000 -1.224401
plane 0.201000 0.965000 -0.171000 -3.703081
plane 0.970000 -0.171000 0.174000 1.183341
plane 0.981000 0.086000 -0.174000 -1.757326
plane -0.087000 0.996000 -0.000000 -1.337859
plane 0.925000 0.341000 -0.168000 -2.045221
plane -0.303000 0.928000 0.215000 -0.944731
plane 0.325000 0.088000 0.942000 -4.891149
plane -0.087000 0.996000 0.000000 -4.562320
plane 0.925000 0.341000 -0.168000 -4.624789
plane 0.580000 0.040000 0.814000 3.833688
plane 0.190000 -0.039000 0.981000 4.724145
plane 0.663000 0.557000 -0.500000 3.846861
plane -0.473000 0.830000 0.296000 0.028726
plane 0.580000 0.040000 0.814000 3.511242
plane 0.663000 0.557000 -0.500000 3.524415
plane -0.473000 0.830000 0.296000 0.351172
plane 0.190000 -0.039000 0.981000 -0.112546
plane -0.243000 0.966000 0.086000 -5.231085
plane -0.473000 0.830000 0.296000 3.253186
plane -0.473000 0.830000 0.296000 2.930740
plane 0.663000 0.557000 -0.500000 0.622400
plane -0.473000 0.830000 0.296000 2.608294
plane 0.663000 0.557000 -0.500000 3.201969
plane 0.580000 0.040000 0.814000 2.866350
plane -0.473000 0.830000 0.296000 0.673618
plane 0.663000 0.557000 -0.500000 1.267292
plane -0.243000 0.966000 0.086000 -0.071949
plane -0.040000 0.949000 0.314000 -2.154871
plane 0.729000 -0.187000 0.658000 2.729392
plane 0.683000 0.255000 -0.684000 -0.734465
plane 0.173000 0.015000 0.985000 -1.340279
plane 0.848000 0.412000 -0.332000 -1.616759
plane -0.417000 0.907000 0.059000 -0.658913
plane -0.417000 0.907000 0.059000 -2.593589
plane 0.848000 0.412000 -0.332000 -3.551435
plane 0.663000 0.557000 -0.500000 0.944846
plane 0.580000 0.040000 0.814000 0.609228
plane 0.229000 -0.148000 0.962000 -3.118983
plane 0.229000 -0.148000 0.962000 -0.539415
plane -0.040000 0.949000 0.314000 -3.444656
plane 0.683000 0.255000 -0.684000 -2.024249
plane 0.729000 -0.187000 0.658000 1.439608
plane 0.325000 0.088000 0.942000 -2.956473
