plane 0.951000 0.255000 -0.174000 2.383572
plane 0.951000 0.255000 -0.174000 1.175816
plane 0.970000 -0.171000 0.174000 1.163650
plane -0.138000 0.201000 0.970000 1.098542
plane 0.201000 0.965000 -0.171000 0.991639
plane -0.138000 0.201000 0.970000 -3.732480
plane 0.201000 0.965000 -0.171000 -3.839384
plane 0.970000 -0.171000 0.174000 -3.667373
plane 0.190000 -0.039000 0.981000 4.884769
plane 0.190000 -0.039000 0.981000 -4.173399
plane -0.243000 0.966000 0.086000 -5.285930
plane -0.243000 0.966000 0.086000 4.376116
plane -0.040000 0.949000 0.314000 -1.250958
plane 0.729000 -0.187000 0.658000 -1.080045
plane 0.683000 0.255000 -0.684000 -1.751865
plane -0.040000 0.949000 0.314000 -3.666470
plane 0.683000 0.255000 -0.684000 -4.167376
plane 0.729000 -0.187000 0.658000 -3.495557
