translate([-1.043615, 3.130844, -3.130846])
multmatrix(m = [[0.960357, -0.0792865, 0.267261, 0.000000], [-0.0792865, 0.841427, 0.534522, -5.218075], [-0.267261, -0.534522, 0.801784, 0.000000], [0, 0, 0, 1]])
cylinder(h = 7.809705, r1 = 3.130845, r2 = 3.130845, center = false, $fn = 60);
