translate([-0.000000, -4.375009, -0.000000])
multmatrix(m = [[1, -0, 0, 0.000000], [0, 0, 1, -0.625001], [0, -1, 0, 0.000000], [0, 0, 0, 1]])
cylinder(h = 10.000010, r1 = 3.750004, r2 = 3.750004, center = false, $fn = 60);
